local hrp = game:GetService("Players").LocalPlayer.Character.HumanoidRootPart
game:GetService("ReplicatedStorage").Events.EquipTransform:FireServer("Santa")
wait(0.5)
game:GetService("ReplicatedStorage").Events.EquipTransform:FireServer("Frostooth")
wait(0.5)
game:GetService("ReplicatedStorage").Events.EquipTransform:FireServer("Golden Guardian")
wait(0.5)
game:GetService("ReplicatedStorage").Events.EquipTransform:FireServer("Festive Valkyrie")
wait(0.5)
hrp.CFrame = CFrame.new(-363.256317, 70.9719467, -92.4615784, -0.034941256, 1.11914488e-07, -0.99938935, 1.35075942e-08, 1, 1.11510609e-07, 0.99938935, -9.60302504e-09, -0.034941256)
wait(1)
hrp.CFrame = CFrame.new(-360.944946, 70.9719391, -107.263336, -0.00213440997, 9.68144818e-08, -0.999997735, 8.53142623e-09, 1, 9.67964908e-08, 0.999997735, -8.32480307e-09, -0.00213440997)
wait(1)
hrp.CFrame = CFrame.new(-364.068726, 71.1820068, -121.736298, 0.0217911229, 5.4246442e-08, -0.999762535, 1.262383e-08, 1, 5.45344783e-08, 0.999762535, -1.38091991e-08, 0.0217911229)
wait(1)
hrp.CFrame = CFrame.new(-1625.84717, 54.6794281, -1953.604, 0.999966085, 2.9537965e-08, 0.00823627226, -2.85862107e-08, 1, -1.15674183e-07, -0.00823627226, 1.15434815e-07, 0.999966085)
wait(1)
hrp.CFrame = CFrame.new(923.371155, 52.0578461, 888.342163, 0.0468053296, -7.21369231e-09, 0.998904049, -4.61814693e-08, 1, 9.38551725e-09, -0.998904049, -4.65701468e-08, 0.0468053296)
wait(1)
hrp.CFrame = CFrame.new(-1681.59399, 68.2730408, 636.994812, 0.996363401, -1.73099366e-08, -0.0852056891, 1.67584044e-08, 1, -7.18818916e-09, 0.0852056891, 5.73413717e-09, 0.996363401)
wait(1)
hrp.CFrame = CFrame.new(974.340637, 55.3321228, -1778.00146, -0.000917264086, 1.44596752e-08, 0.999999583, 3.54226799e-08, 1, -1.44271892e-08, -0.999999583, 3.54094318e-08, -0.000917264086)
wait(1)
hrp.CFrame = CFrame.new(-251.552948, 2904.53369, -639.810303, 0.999994636, -8.551158e-08, -0.00327212201, 8.536243e-08, 1, -4.57227856e-08, 0.00327212201, 4.54432261e-08, 0.999994636)
wait(1)
hrp.CFrame = CFrame.new(-412.060944, 70.7444839, -107.52037, 1, 7.17559843e-08, -3.18366838e-05, -7.175543e-08, 1, 1.752176e-08, 3.18366838e-05, -1.75194756e-08, 1)